,GIG(0) (B + W),GIG(20) (B + W),IG (Black + White),Grad-CAM,RISE
0,0.0022319672078689717,0.001653898414386074,0.004347443231906962,0.008446653980839377,0.002922150849427554
1,0.007275025869279893,0.007072171538473211,0.007488767438594045,0.0085624841168788,0.008842010316988712
2,0.003605090756617655,0.0041548893232377145,0.019411562174274068,0.030539175244242264,0.03897871590783729
3,0.00514604181170297,0.0033143001962343986,0.11520237761809161,0.006776608095161565,0.008088404298258764
4,0.24642337588738883,0.008212389945886875,0.06263897580223178,0.009020447320168993,0.025585244942016694
5,0.006533324950659234,0.005333679909583427,0.009948114465482326,0.012996923744342186,0.033260847739438756
6,0.002855233210397677,0.0026974884982185663,0.0038938633703436507,0.014161857617162038,0.020191778169828468
7,0.0059469266759859035,0.006108040882382839,0.007564799589656306,0.01620256530279423,0.023976252533672474
8,0.08514557801099727,0.04522105933687676,0.15896435396296307,0.16417641586417125,0.21782884017820328
9,0.014767974713079942,0.011865717220967378,0.03170791453942204,0.032793038306731935,0.012771792060003563
10,0.00991434677626886,0.011327816824713307,0.0761978675344532,0.023104772216578973,0.031736503320098565
11,0.013512252988908182,0.0017660530916246999,0.0294990217104593,0.04237304284453987,0.09347666319206635
12,0.040038761240430175,0.020788372097902335,0.15378122399464095,0.08564464837674879,0.08111188692520147
13,0.005542763312567129,0.005140816830519018,0.06966386978076318,0.017179991847276848,0.020718875451065186
14,0.003091983001973454,0.00224203195842468,0.08137752334672162,0.0034966490900034033,0.0053046904250259605
15,0.019083207535247008,0.008159831030772896,0.14965222380059356,0.04914011433332537,0.008702317942903746
16,0.0037147432897149378,0.003505422363054499,0.008348313157006891,0.01069573453811851,0.01436561080821169
17,0.002961625151288495,0.0032582821237156167,0.0036221646712672534,0.010948896084765793,0.01545369721332261
18,0.004504850898218946,0.0048700527755297825,0.06292134504057888,0.008565659403474354,0.01743948439094412
19,0.0066183025399570595,0.006363711046045258,0.010881121053252072,0.006479580009214361,0.00737785249245159
20,0.010702450401370495,0.022226213737162145,0.2010920442782511,0.16665098399359218,0.11074977510078396
21,0.003937292001501192,0.003524631715441097,0.013198250839357368,0.022534806166853136,0.047711524471216966
22,0.5662842368910788,0.22507769276971884,0.20187953137622874,0.022302948534100628,0.01244478858362628
23,0.004973008499493719,0.003041482931035312,0.013398554862295796,0.013813189959586856,0.03952972424069433
24,0.0038729744012218565,0.003944869357999576,0.02513188041715087,0.011206617624540942,0.047600756714402656
25,0.007800103393189299,0.006843181262471868,0.03044881351751327,0.00731156957659146,0.007383234368494918
26,0.0334570944512153,0.011085092917346629,0.3292901882126494,0.1348629496044143,0.10800812760469146
27,0.003945712708633032,0.004338700210610114,0.030563167557819623,0.009293446562110654,0.004324192841118525
28,0.01696745202057678,0.013821069035232843,0.05670815005481321,0.0705532232768342,0.10545185845100807
29,0.00804700942232254,0.007400383040496511,0.011553917307012145,0.12442488586271389,0.08853939232431003
30,0.002435422818942041,0.0026001157263938995,0.002527859298829248,0.002864723055245122,0.002656560109769796
31,0.007445552024708175,0.007146577973804192,0.01066163692452796,0.014983160963864369,0.03797512881416575
32,0.008962836765284818,0.009032951750850771,0.009762879400740429,0.04195381424425351,0.07770969824584123
33,0.17276893019791006,0.03456023094954112,0.3154288832644751,0.03469021009894075,0.0451086900938713
34,0.014138184298806462,0.008390199041928604,0.020605940849054604,0.03883475652934673,0.067864079886931
35,0.005911097554821431,0.004245748851907491,0.02023923828156613,0.020346407432710597,0.014126259747899893
36,0.0051060611286579335,0.004080837504686011,0.007132893489890395,0.007441532777334538,0.013390381938127879
37,0.0331374954862339,0.07528740419592295,0.19320097574616538,0.043298207685661005,0.057630897397383606
38,0.002069326583528487,0.002673861880349351,0.0027551410095283143,0.005911619847110059,0.00789573439522226
39,0.0008713117781907285,0.0008705325088360243,0.003999025777941117,0.01934524539036728,0.007304146640187052
40,0.0050884394078618955,0.006975277431451508,0.03151062201731192,0.03728639139444567,0.14343362170277235
41,0.40117791823932847,0.24605845274183796,0.25713702766507696,0.27180506971692214,0.22950599496463028
42,0.006068010813356118,0.005275227895132654,0.01176718943008584,0.03769735705088048,0.056734016286858
43,0.01717228520695547,0.00787898032859731,0.04790513204974963,0.014305300477766044,0.010918833077610341
44,0.0022090852303436907,0.0021197632005674275,0.021030185017035467,0.0044576434610967735,0.030074470988054398
45,0.006541834471075466,0.006615776332344265,0.010452716988462877,0.029870586505583357,0.026505050345723348
46,0.004800820916878163,0.00345866462513287,0.05652383356419806,0.02700988402397747,0.030409223436516995
47,0.15031519821511918,0.009775956522207706,0.03058948472656387,0.013765931999983473,0.14784239929350507
48,0.005461065340528472,0.004694565408155742,0.07322609694907037,0.008390774393208428,0.011202705784570652
49,0.8051777371968557,0.8353633724612236,0.8593240631855831,0.24078988667396414,0.28582610156477634
50,0.10695332851416121,0.011794563926398244,0.018978152593091283,0.06784061627565986,0.08124869269320495
51,0.0017744418767203266,0.001175751218438058,0.0036419270970832764,0.0014546152211551088,0.027112888310350376
52,0.006924288530136538,0.0069967977730761455,0.008078966984309469,0.033220706106577486,0.047874850872580685
53,0.006398645788026948,0.005978855966208761,0.019803352933553873,0.03580588852184721,0.01994397534823899
54,0.006257269098043455,0.006730669249858086,0.05472986486016048,0.012155776416572431,0.02546579141111983
55,0.004208430091239279,0.0032499963002919686,0.04752981369278536,0.00899590748190854,0.006524958196031447
56,0.020928620690473406,0.006946836336283013,0.2552645110065997,0.017467258937217088,0.12609767860784712
57,0.0067344689301939474,0.004953112182556651,0.007623169892596909,0.03924109247907634,0.058692132875229515
58,0.003178298236990587,0.0028659640208287683,0.006619631254781982,0.01084012731250065,0.01602757165221394
59,0.005432545283838408,0.0033344513624292125,0.0038884191831231067,0.004233003785177263,0.009577988821926434
60,0.15274551894761115,0.06795443913879859,0.15261950481071834,0.018520867755028626,0.016617791254086318
61,0.004081900213754529,0.003248297152297002,0.024978069300252374,0.06292507418454786,0.17871162553136755
62,0.0008035672275127581,0.0007978177597679961,0.0008153332521841448,0.002190952484428029,0.005849201817424424
63,0.0018598405435720148,0.0016323390880845384,0.006594389642042289,0.0017123478706919412,0.0017368540331921798
64,0.0010026490600315203,0.0010706103472734362,0.0010861934275857897,0.0015654870211720764,0.004241531930003677
65,0.003257901311452669,0.0037606236756902137,0.022789073318078105,0.007300776857300661,0.0032025630626359696
66,0.01738148283976544,0.011536365295857347,0.029932465337575802,0.04588977380743826,0.10089872962004544
67,0.6066021412507527,0.06306438052334772,0.8517452301147084,0.10481600636784505,0.1524926497965579
68,0.03871460806209749,0.03055129327969755,0.12241630692733452,0.06490797946219876,0.13878339604911566
69,0.002821047491427938,0.002755174399984147,0.0033983441715665524,0.010224326611104414,0.006653892737651606
70,0.002476319628729268,0.0023321817757581205,0.008929202055636172,0.014975310369724564,0.005138024247571593
71,0.08781155187025433,0.03475453878216083,0.23622271018506985,0.11419171775050926,0.13922833154566533
72,0.0055625089521830285,0.0015467847741193611,0.03797487876743415,0.07114597003447772,0.06674995677013713
73,0.015040577544035235,0.012545183369699469,0.03781296106325398,0.010748429034538275,0.040366489603265006
74,0.0008055584546228702,0.0007833969880973907,0.0009421255340890235,0.0009107612059678003,0.0012074890942939318
75,0.002308338950789827,0.0024026985233326238,0.004278544827280307,0.005020450587148339,0.006911762658960975
76,0.00470780140187546,0.002946168999511024,0.0042917858899777965,0.0028514623210463066,0.004332121050770688
77,0.004027684751877005,0.004184056921086368,0.004933602152676839,0.007184278699828105,0.007730560371661947
78,0.008345623536378197,0.0044385015371113294,0.008055237648821073,0.016438438527176105,0.03636329040901829
79,0.004682102465691665,0.005327381560992863,0.004961518638415581,0.06936122788012855,0.007829325397485971
80,0.0016684254817341247,0.0014410700250133837,0.0023402430731140258,0.004979686857728261,0.002734355364080127
81,0.007392051938040822,0.008221731244455239,0.013761523498497909,0.024266223093177865,0.013256921343701026
82,0.006528795008651085,0.006119554506019793,0.009571555927201795,0.028357737382531115,0.013749223884305037
83,0.003081481053019767,0.0030933408125040133,0.0032547051696686442,0.059983798652602775,0.01209465747442064
84,0.004899925056012459,0.00499393763699724,0.012764223224884417,0.0070967829273690265,0.02765198967309617
85,0.08911305981568553,0.011392837159777021,0.28996441593917555,0.025234713267935957,0.14092734328199488
86,0.002814791178065611,0.0023141744674325714,0.00439332179840777,0.007565416056119527,0.0026370606288967087
87,0.0028229579594658896,0.002579205823712982,0.006105123902913571,0.017131706121290335,0.014969050110731687
88,0.015483011666057993,0.0025728463816146055,0.01588756647575388,0.0038827703488803107,0.004247895969628088
89,0.18811571478048184,0.07595367363375974,0.04475757682230323,0.10703118803891508,0.08602271566083396
90,0.0017326173165606129,0.0024098312035979084,0.0067113945828572875,0.001844673360109381,0.0054051979193496255
91,0.0018372495791077704,0.0019832628012712425,0.0034626465953705417,0.0024104008148495065,0.005626644045130686
92,0.008551930976076013,0.00796037132117312,0.009265053532847864,0.017812654830534787,0.058425921833865385
93,0.003369751664366858,0.0031980012925083025,0.010734157196000321,0.009933085013957073,0.007086413018179074
94,0.011488192260933122,0.005273533884428616,0.007874297175375331,0.026625863397526296,0.06763272890138979
95,0.039997467340112454,0.012645412555664532,0.051946681748571186,0.11399417169595835,0.01495937075926324
96,0.006052292894552617,0.003925946405934156,0.03462608993156917,0.004342356318589837,0.0049211850258062545
97,0.010052710297289498,0.0090042491748237,0.011021677362764926,0.04080092297412597,0.06622647404211522
98,0.020539952528067968,0.012092366705959041,0.08918000944961224,0.03619045694552672,0.07042169984973347
99,0.025977720105503168,0.007139132010989771,0.01264207514112867,0.04556682745848472,0.017719018453175927
100,0.008095080017746012,0.006274480196265762,0.010008780781289615,0.011204847718343243,0.0765664674752366
101,0.002509464639509436,0.0031609837958967548,0.004119123989949003,0.03382000190386963,0.06089597030449012
102,0.6458957877632605,0.06678744461144864,0.3238402298498032,0.0917024236678521,0.03062466377531463
103,0.007370714799334464,0.008069672501692871,0.013890662864367995,0.008040789632165495,0.007012534686348064
104,0.1032787310143855,0.02856328921111779,0.2194841585144685,0.0770861826418291,0.1994284674323151
105,0.0021861906107713165,0.001981697349810929,0.003408807668761761,0.004707211927436421,0.002313431720318072
106,0.002943195533346928,0.004589360316903266,0.0719877462531157,0.014720175941086685,0.024933519023034024
107,0.00501111000452915,0.0042877345359961004,0.007549697125493064,0.01783315288889248,0.004210848902298241
108,0.006423736879191387,0.00660319496803115,0.013773262851645995,0.15709988466826164,0.08391584073607293
109,0.007630940733118526,0.007587034649724147,0.008034614313368769,0.011024466446866023,0.0133810348059746
110,0.0016274146958797548,0.001659961504062974,0.001680193883657921,0.0020608847634624302,0.0021393664628097516
111,0.014394337931945403,0.00774883768998633,0.21415044249170023,0.008319691443143205,0.00831867096777488
112,0.011224977128484978,0.05338599054428212,0.09441473599171231,0.1285380745334098,0.0775703594508943
113,0.010671694864423544,0.009836423422024785,0.05024525187780253,0.010904539665999538,0.0098294405995451
114,0.002127449721239019,0.0022029896340326456,0.0022994131039821594,0.003532599646670456,0.005584021122033139
115,0.0021456373546647634,0.0027685399388752154,0.0022275206605425206,0.002427352015123082,0.002160036942546463
116,0.2611824438276623,0.046609351085013864,0.09067971890941004,0.059625666544404037,0.033876918801393506
117,0.012016554698736097,0.00906517473785142,0.009043876369145842,0.01197356276210889,0.024847554567269173
118,0.005244089411442271,0.003471393684675503,0.007252912414130858,0.002058505401348359,0.0036291144832123084
119,0.011037868984769578,0.01152790967301674,0.0663109506339323,0.053254779684357344,0.014220790186098183
120,0.012874957598089369,0.012007245411950862,0.03818400981928992,0.07904784919875156,0.030717792154812035
121,0.6215482089522993,0.183133518412554,0.4465564854679845,0.2405019413455092,0.20069968296245658
122,0.10695455963723362,0.017061040814991834,0.07486644046406986,0.021443908488840355,0.01809837731189974
123,0.006341144705179936,0.004137988090385786,0.034413518813380506,0.0689737939372814,0.03002010981791601
124,0.008131736004078348,0.007115255912261394,0.10192307721331922,0.029370051216068935,0.0302041326877467
125,0.2938020952965922,0.020723808493575132,0.4198375761238923,0.14278589683478154,0.09604637618047289
126,0.02095265271123531,0.01196723258599377,0.08062476099674111,0.06312017407514708,0.0828063403464815
127,0.007249442104673815,0.005474454795653906,0.04283087025469286,0.03310650374155052,0.0182564985754046
128,0.1399057379734384,0.028499088786520587,0.2462068774506204,0.049477317003119324,0.043741206527839596
129,0.003972272122594708,0.004062520619390853,0.004740514204119487,0.005290067254728648,0.004672050331330032
130,0.003349773422713851,0.0030462599040359034,0.005522823269192637,0.011107999133390776,0.00803089506662218
131,0.007381730842462275,0.005945827637980175,0.0066105115710444,0.005625324119116865,0.0059236301270882705
132,0.01613950600698849,0.0040912523969180055,0.16517966126638284,0.005712587167444225,0.007986408622107572
133,0.05935248933544952,0.0035722751220520067,0.16455899991981116,0.005953199692905602,0.013965329639096228
134,0.02725959287717059,0.010837380424507298,0.06428806786433496,0.027233995619786178,0.08659091096204874
135,0.0012275685591804277,0.0014674748105689003,0.0019017068659498667,0.0014359781750196514,0.0018967062690446962
136,0.011959516420928493,0.011995686708744163,0.058082974757053304,0.020619278559550164,0.019341144735113225
137,0.0032322846750402175,0.002352551746581513,0.010171176289885706,0.013622923343144874,0.02063667721249658
138,0.00859865431437154,0.008122963178660332,0.009525042625237902,0.06556583994388347,0.02565109011019457
139,0.007656961511626529,0.005868218742802532,0.008520178205799311,0.026292005110169863,0.03170456126228803
140,0.0014801916783135816,0.0016933186910212802,0.0065410311848811235,0.01392877741277011,0.10446096400588026
141,0.001709914726133219,0.0017014203205488027,0.005202489172532094,0.0053918906348472875,0.003262093361384662
142,0.04171478435309837,0.06598008489729384,0.02378017669236417,0.0212765470031526,0.021097012897371314
143,0.1467432750012247,0.1280589561991898,0.632497819339753,0.10661727418507022,0.05356966704942655
144,0.004204781078280777,0.0042246409023492665,0.004637593453015951,0.027514960084873665,0.031884372369919825
145,0.0033072917589581467,0.0035705115765772965,0.003473534369388492,0.004585346745362686,0.004138934288655744
146,0.00858621381662993,0.0022346119678736107,0.00590693202106599,0.008463041042624455,0.018164148362201458
147,0.011252228241614325,0.011563033904854416,0.01758705820336925,0.18470404074764196,0.2692093869050344
148,0.0013626134506416242,0.0013662779482577511,0.0013472453792726608,0.0022398894226272306,0.0016119316266768793
149,0.009113957890480782,0.010670309149766884,0.06686040274429009,0.02844287286118035,0.014950739898833693
150,0.006550331457401626,0.006607596597071582,0.006815216312760539,0.017344479496144535,0.005813986526142874
151,0.010484874349963825,0.007937604610581022,0.02682024208806979,0.021024886083857077,0.028745139095518527
152,0.022398161024385545,0.013477582043399,0.13979125780929785,0.02037568810491292,0.056254910858761935
153,0.20210714676375371,0.09589520449468789,0.22583238969673403,0.3886196385351973,0.48897242589236056
154,0.010191371129864516,0.0066992779047318944,0.012979478951537102,0.05113061216543428,0.03504090714589741
155,0.008267900529446908,0.0095218074110259,0.034786427429288676,0.11354238070172061,0.36672584027239485
156,0.003570516400173397,0.0016553795391195713,0.002038135441398481,0.002997033277885445,0.0030027742620505806
157,0.43862703358722177,0.3219317707918688,0.6684024063773298,0.38957588728387943,0.2933824739548274
158,0.010219238977879287,0.009934943800585138,0.009277770005994373,0.00995405778974398,0.009264728234767164
159,0.028323533038848027,0.036533463957635424,0.10011108247514737,0.3178714134778905,0.255209130027409
160,0.1678588315611705,0.15032347604800533,0.15282469389817885,0.007467965920497793,0.05548772283380256
161,0.0022439015916461357,0.001782502378046047,0.00516573216122601,0.0044433474375788744,0.005835627217796476
162,0.08044113642633116,0.15153308744678118,0.32344808041331513,0.001844853488970936,0.002988731547116509
163,0.007814173899168964,0.008288677561085932,0.013425868119035537,0.012277040788058002,0.01828272269300694
164,0.006592716431704402,0.002311964701524024,0.03003663352072989,0.0035793732736945257,0.0017537212212321012
165,0.0012395636702017833,0.0010770503022690214,0.02955428595758147,0.00429274192558498,0.012453169222216174
166,0.0012578266593765066,0.0015381768372511337,0.0022493424269163773,0.002040733637234856,0.0027814235151001616
167,0.0093031018299775,0.0051337723962610144,0.01451714503346011,0.005892315548488922,0.005496137363701969
168,0.037131839319610865,0.10364676363452519,0.1758420962486222,0.14564342255212573,0.27619153256685725
169,0.007682651105036105,0.007911561222903806,0.03294964268603103,0.0353588453364662,0.014788084068883715
170,0.0011069313207068868,0.0008923624912212189,0.010358416781350065,0.0017621899894341671,0.0017858574731387004
171,0.008409138110518041,0.007228653356691615,0.011339377932341046,0.009428707977996156,0.007783784551510406
172,0.03471410331435942,0.01573098055212338,0.20958441534579228,0.07126578707781543,0.022352896688031858
173,0.041129671429735025,0.0617613980041521,0.08389728680862794,0.02524073273929793,0.04130271351136293
174,0.002358973202596341,0.0023175687575631957,0.002732946869501676,0.0027436890463124856,0.0024911996028297127
175,0.0036020525710126904,0.005092579261690844,0.025399535769732515,0.026376141285759838,0.030318058728132907
176,0.00859375288220892,0.0061683497347783285,0.06116985611917901,0.1022489759725027,0.13802884430735704
177,0.030003745316126797,0.006720585672559941,0.2518936101668967,0.020155802688128055,0.062330716771511
178,0.0033368009146215625,0.002800735648997943,0.15272065275389146,0.023322790582541428,0.011090117821938684
179,0.008517339129725264,0.0062768550146655696,0.009508691277329086,0.008731957280360803,0.015216248188314947
180,0.0023491668415065053,0.0021981692016803814,0.004324474914068964,0.012118348817602964,0.015585808874311624
181,0.002187280694811812,0.0017118607819106223,0.03575932923672048,0.0010829724774844686,0.0018864448567102146
182,0.009337373293399448,0.009430624525783868,0.012272006224116517,0.013152030569633806,0.016788161934770566
183,0.0017976510871247026,0.0014264137125994442,0.008746302595447257,0.014619460354520521,0.019054388736064236
184,0.0015862608587162363,0.002574350261177945,0.0019530402836810228,0.0028248133163692223,0.022505197211204277
185,0.02233498106652405,0.007298384127635574,0.17738798866339495,0.05909933465235453,0.03351073165944803
186,0.0033899648135249866,0.003194094816717552,0.0032889726335396416,0.006983901756272341,0.007641560791590665
187,0.01374301452849775,0.011190402025709369,0.08859261521858773,0.018332982397664132,0.05297786017945327
188,0.003907153134059626,0.0039052815965583756,0.005396356533957361,0.03197200467932109,0.016240296899417847
189,0.011677012058337115,0.00920951271643086,0.028481584149105604,0.031447249924531205,0.02123472310130536
190,0.005364709555740572,0.00182187038137474,0.006323735686601139,0.03567893544617012,0.02143567310542696
191,0.01187542374989587,0.01298096107220772,0.00959283184112994,0.017314756996509258,0.05196649221023916
192,0.009534380229100255,0.009371501988445946,0.009657380175566586,0.009642847047547951,0.00955041191405649
193,0.11150404336173475,0.07671918469560397,0.34105642742975356,0.024196039710659534,0.016312940728190974
194,0.002535565160481686,0.0032598310303809637,0.14643000503710937,0.004334514329255196,0.006125189934472372
195,0.026916440693700375,0.008864962752300521,0.03963921423912527,0.006410247478440093,0.08935854724647167
196,0.5499935272065664,0.5250573604658711,0.5222958215512336,0.017182253284489787,0.012991122433191372
197,0.003977070249958262,0.003930244058533895,0.009570530439992177,0.006988197198976801,0.005419408416198874
198,0.0028890313661476185,0.0031676553436328606,0.008814114020100936,0.0068064298707933325,0.003519050421730046
199,0.011500784571752673,0.012669227774656773,0.011683881087002293,0.013224762688736923,0.009792803367842377
200,0.010406093997799973,0.006952414912908959,0.011956865065278382,0.006973686936382567,0.008001387803152385
201,0.004615896474004128,0.00555289162374619,0.013242033487444536,0.01128464916885908,0.07918009464374336
202,0.009537185237827038,0.004571192906991604,0.026094555852038563,0.00775997813503232,0.010774435261838435
203,0.0008795081097302512,0.000896550814409933,0.0017568910482231735,0.0009951406094816978,0.003112769065935734
204,0.0024794720021923747,0.0016204132460390813,0.011536439535767487,0.011062104329256625,0.011656028203934613
205,0.3236644363493219,0.17202400807857177,0.38488553675092085,0.29200153038319615,0.29050937829645895
206,0.010246591175367333,0.01060438662641698,0.015499148298868528,0.013561916379452062,0.014663955325563114
207,0.023140427627529585,0.022646271033833425,0.08509507623853602,0.07355292198270844,0.18580968622118235
208,0.5644730940731986,0.27705234391901284,0.22541188831589049,0.14132009214760424,0.04871748684963677
209,0.06668015988090903,0.0025515694405637787,0.08595451136627363,0.0023187334620666258,0.00264266934474209
210,0.02014212673400632,0.018358702157598196,0.03898875430168118,0.007000989839757999,0.06267322731388655
