,GIG(0) (B + W),GIG(20) (B + W),IG (Black + White),Grad-CAM,RISE
0,0.09266511052846908,0.47665256319774524,0.061017735426624614,0.1836918291946252,0.11169890208790699
1,0.08599518148952888,0.15612657355765502,0.01627439754601154,0.3796234180096589,0.14491744395862852
2,0.03329565919217809,0.19499919969433296,0.014934319523146972,0.11089390928132667,0.03659562739647097
3,0.1210427757011429,0.28457093716893317,0.036391608985973614,0.5032374737991228,0.6250951332350572
4,0.4348627288787005,0.8328817994294998,0.2699115845542919,0.713011942727543,0.6528091997904185
5,0.07710091477104773,0.377295574877644,0.029431455499596065,0.10138949124391528,0.06707023443498959
6,0.030775412529086072,0.045423686411231755,0.015509380514009132,0.1231169558233685,0.07719957598795493
7,0.07409124728292227,0.4321726330452495,0.06317744967010286,0.3892330740061071,0.3266442000865936
8,0.3432475361507386,0.5191076195850555,0.39523672129855386,0.4698478349329283,0.8166120089952731
9,0.03029472615970816,0.22955532750282953,0.010794833399995696,0.9125277834873284,0.9311169863814333
10,0.7275765538215637,0.9337198300494088,0.7787028517987993,0.7426947984430525,0.45833310468329325
11,0.035292938351631165,0.2576863861332337,0.01017145972388486,0.05482609508973029,0.05856486277447807
12,0.18370925773762994,0.38389516737726,0.21549674628509416,0.6929970873726738,0.5878168144159847
13,0.1360004837430703,0.31113630613803656,0.03531316252451183,0.2665253653155459,0.21344205774075817
14,0.10682561531947511,0.2529586679302156,0.013387084112036974,0.08589691816361866,0.359102140315291
15,0.43194037146491204,0.577117241316268,0.22544177200082535,0.1231436224224227,0.3098830475711212
16,0.0451205575838685,0.3583495623069919,0.028861339152273204,0.1632395640765834,0.15392994916765018
17,0.021098321797277702,0.09348232956617722,0.016712866625069486,0.0932956252745094,0.029499930170519897
18,0.029515790666725175,0.10541960255812026,0.023982894056179146,0.23116617859050165,0.1944367976105746
19,0.021395245250379148,0.11816157148795255,0.008109588452983492,0.4009113770508621,0.3330719913976888
20,0.36669178704420724,0.6402883576850097,0.0745068809017539,0.8293994473086463,0.7779278410805597
21,0.0575107766315341,0.20723997412456407,0.0231999188907341,0.15389938104069895,0.3510217660934561
22,0.30550110153853893,0.25443116024964385,0.19400851970745459,0.4251618457751142,0.4235293942607111
23,0.046412027213308546,0.12921269999610052,0.06005804545453025,0.17372225727885962,0.26286808802849715
24,0.06369151133953387,0.08286880364123338,0.016605566795583906,0.20162511090748012,0.05592244145744998
25,0.033502529487789916,0.19846069084532145,0.0330567805794999,0.04220133363463295,0.03969468721576656
26,0.4096713403576157,0.5825934001141124,0.22273873469869918,0.47350007822064477,0.18887650912317136
27,0.27886597973087596,0.3686099736262501,0.019893494520025947,0.16653043183143584,0.2331477029223202
28,0.9000925936218765,0.9084973524014155,0.656415248910586,0.9054683061109648,0.8909498585595025
29,0.18074077823095852,0.46038157064467666,0.15527090672403573,0.3217684590852716,0.17942590625542734
30,0.05813880025638759,0.07644972963510857,0.011202519915160438,0.05234479414519026,0.07124739523343225
31,0.11352060079678065,0.21319888197402986,0.06351736751643734,0.7520966608129028,0.8178733742951105
32,0.12131251398887899,0.2159691222425964,0.09123396993769954,0.8312099893887838,0.8034209572839447
33,0.5638084151322902,0.6657428081436794,0.4229807303616932,0.3292795423004362,0.4707579453786214
34,0.10960983751962582,0.3372651749652707,0.031572005631945406,0.2756402602108816,0.3547135473849873
35,0.4642726951537447,0.7102140742198875,0.2511411362896777,0.4899907012107886,0.5385615496598701
36,0.03426903102857371,0.7600209981203079,0.01379131032153964,0.5317102163202233,0.35089343587557476
37,0.5308114382490102,0.6749648415793975,0.4111245084140036,0.6227376911426998,0.48058121492051414
38,0.01904079064261168,0.26434253352538994,0.014676361763849854,0.12985875823069365,0.0706790944457882
39,0.03058816600823775,0.3067044125585299,0.006256601554276939,0.1769663403224614,0.2444115857904156
40,0.03903262932888336,0.06102251402205891,0.0162411589278943,0.12446892588502831,0.053879891894757746
41,0.7077799437412371,0.5930319775775489,0.6038469466535995,0.772198863953559,0.7828141452175461
42,0.38288381378062897,0.565336352503962,0.06440785621913771,0.5973002752703097,0.5509929378827413
43,0.2557032553686036,0.3322964850088788,0.03824391210930318,0.038672058720516767,0.010967777117588815
44,0.03904826437614651,0.44789683700849614,0.012103148723771382,0.0609212447449358,0.01744004321905474
45,0.07428845464277806,0.2983218474455902,0.028438383313671996,0.5065686676470149,0.5713874455838878
46,0.10411352649227612,0.4463305491177986,0.010898929084133771,0.3483292903026773,0.4442720684843759
47,0.20335546657313697,0.2921450846608625,0.1424606091536892,0.07525296657113359,0.06728469006225674
48,0.07788974994069173,0.38694021936971695,0.025817228927108873,0.5913182661351231,0.5229161737176279
49,0.9943904327021704,0.9955700642532772,0.9843584583865271,0.9980911314487457,0.9969415220949385
50,0.39454651915002614,0.681468507163744,0.12617545357336188,0.47885432422109364,0.5487345477850694
51,0.02125058741803514,0.20888363387388786,0.0022923698163746548,0.0398841045932689,0.024908464682003896
52,0.7202932003471586,0.7588336795568467,0.6841429374284215,0.511628504925304,0.22025856201847394
53,0.3174343035763337,0.4744513372683691,0.2794115442989601,0.6416408238001168,0.5490844386008878
54,0.4462992092801465,0.6294404006666607,0.15005687549710273,0.8082808249526554,0.5970706201261944
55,0.11362626522831205,0.3090980752811043,0.01515609448494312,0.07939462165167141,0.02461306538963173
56,0.308187677193847,0.6247104615542209,0.03204223979183654,0.6084527038658659,0.13133526908026802
57,0.12678941092195195,0.13725717971618806,0.019600530449921886,0.1574558785224023,0.06270072623673413
58,0.04856126424856484,0.22947967742155823,0.022195447268637106,0.3096943951690466,0.08269336191523406
59,0.047978602378215225,0.4461710002661372,0.017966460752197436,0.38367750997260575,0.2116711932156856
60,0.2945489176445537,0.6184355237417751,0.30194885118140113,0.8441170821794205,0.8766871488420293
61,0.11088641389376587,0.14249863848090172,0.012435813386562383,0.2581231927706136,0.20426991118325127
62,0.006305691477256106,0.19330501340928094,0.0012981012080874482,0.04900455972881698,0.0502033155601162
63,0.1130800927879237,0.48543148111073403,0.038664555354949295,0.2231229581006725,0.07975532599181558
64,0.1007418380274127,0.35000138768615824,0.058031462505459784,0.15047425698851133,0.04421124314540066
65,0.044800089351418944,0.4283794522492422,0.05306144399154517,0.28952015176829365,0.5123292626813054
66,0.11096236148603364,0.29387735827218014,0.058325605467608614,0.6863324345018352,0.3629370417568781
67,0.755643808317513,0.9276557547282815,0.7545644754889913,0.8841255492359374,0.8477291129047646
68,0.4016221368478404,0.40121161565184593,0.08088771303494771,0.2862453924285041,0.3268495292299324
69,0.1310009599663317,0.578427477076184,0.13868995705076184,0.2846808055655048,0.2310597586141537
70,0.06103566382339017,0.32994406354846434,0.04442339565009913,0.21046331638030502,0.12112318505015639
71,0.6490783099731844,0.6481664368210154,0.4477586751590328,0.7471106052605643,0.8394928311954977
72,0.3380647814522187,0.46073959498769707,0.11651711422536108,0.3772138472413644,0.11676787166054257
73,0.07816531568144759,0.4059604956341597,0.025058626192104486,0.33257756834953195,0.0370359382896115
74,0.021013488861111304,0.1445578393112454,0.006668101799570851,0.12044072183651022,0.14035179210412835
75,0.08451010481286277,0.15159102219072842,0.012852768015949954,0.23231791649531158,0.19727447807478407
76,0.06384939257469442,0.37102165234585605,0.05876368656754494,0.13963081779786282,0.10384928518388835
77,0.03774331544474181,0.49598426452527444,0.00862854198138747,0.2790983223382177,0.16036265136467087
78,0.15247468642062612,0.8165748927328321,0.05301670901891258,0.3500837450226148,0.24017644301056862
79,0.018407474136216073,0.01643986216901491,0.003727150089010441,0.10059104740567919,0.07223939588034732
80,0.005837264920895298,0.02432758125424799,0.005302949606751402,0.06457907369153368,0.02850702416876124
81,0.031200111716882223,0.1273417723753179,0.039346738022545145,0.2313308595239909,0.18524334475449805
82,0.03275387759182422,0.1844440973092181,0.014953311168372035,0.33343780730954475,0.5473625447921222
83,0.03398278797588621,0.10432592323858343,0.017288053459520194,0.13029681225048584,0.06927599696921082
84,0.1915855300716228,0.1442268796472086,0.0514331641493805,0.1407449470858814,0.07543824161920283
85,0.5556910816916368,0.7556047573271725,0.0615508444658998,0.32810806373341217,0.19578857527424892
86,0.028537799045443533,0.21802013744082716,0.010911411541100178,0.41253889095452095,0.2569147922098637
87,0.3794296280377441,0.7386999108518163,0.03651922190458411,0.5348837551143434,0.2383511093755563
88,0.10137988075407015,0.5148610367646648,0.05637603324527542,0.5540259427287513,0.6302523612355192
89,0.07731606051351668,0.38090761540871526,0.05243473631045264,0.18860658920861573,0.057445585461229916
90,0.022785178929593208,0.089729773862766,0.00851074249132782,0.10494837653305795,0.02382105971272621
91,0.028561967719967166,0.04922738164766795,0.004340426548474675,0.1873296776605356,0.0857875060212488
92,0.06355933096104611,0.14821121896772335,0.025757210242510258,0.3885443934549888,0.26170830474131634
93,0.19979095527022664,0.44265825630314387,0.005936520283123374,0.5956923074797184,0.5886712535164811
94,0.12160924890130344,0.3680924899022405,0.036928574148462054,0.19200609425962384,0.16597539301340777
95,0.16583192177737752,0.4774968302394781,0.030065755246000157,0.25720582412969734,0.23023806504077382
96,0.05473127983665715,0.6368092424093953,0.019861056418287466,0.5814475110926044,0.1929372808417409
97,0.2327169868422465,0.5900714065258702,0.03966265171766281,0.4304358670306909,0.20516837526940637
98,0.4381586655146546,0.5899009917241832,0.22364214930243584,0.8719329916768603,0.8591098782502943
99,0.23400566633790731,0.27760421199103197,0.19693209191059902,0.19765887063048365,0.06618030692398962
100,0.14599797327278388,0.2293407418183051,0.03121307592632042,0.3989028888651066,0.46752098090946675
101,0.043001379129580325,0.1904045992427402,0.01944733494375315,0.22745579336252478,0.3919039206372367
102,0.7183166832352678,0.7094430590669314,0.6274107212925123,0.42773298919200897,0.43662663416730035
103,0.04354104173835367,0.2742996584934493,0.05728662250654048,0.5500993850770303,0.5475016699405387
104,0.5430697413885759,0.5462316726825924,0.36125307846296995,0.8619745155175527,0.7529204782512453
105,0.026341725409212004,0.0872059172064635,0.01845936694686922,0.1377626351294263,0.06329605129431001
106,0.12813274399636107,0.39948585189413277,0.13647468126016774,0.1035374149136866,0.08154295986363043
107,0.07571762864859516,0.1399975653475849,0.08324156876284784,0.17385476957392207,0.18963201365841087
108,0.07134158019649071,0.4940172545883494,0.06909430060121748,0.6353502368399252,0.7757612501490965
109,0.1993003487399417,0.5482590265623811,0.09321756615277586,0.3073826481277744,0.3470617300727301
110,0.0039224934462658385,0.03178555791059302,0.005556933919433504,0.08032107727809085,0.10563918446294135
111,0.46253549402786626,0.8259407647367981,0.2905489946094652,0.6247311333401335,0.8081306359420221
112,0.4073787604790899,0.3503293330979634,0.3382203660488206,0.5911104344355408,0.691399810520751
113,0.1284801581764542,0.25233764544181114,0.17113119921511194,0.7019565006268547,0.7248833489552554
114,0.0042151154442560965,0.030274304284830578,0.0027330322741666653,0.04533141812296688,0.04456848685319225
115,0.003819294313143473,0.010898482730812651,0.004609092145013468,0.1370938613621143,0.061559541707619146
116,0.7436565942234463,0.874463951587677,0.7345467501216465,0.5823684566550784,0.41786903672748144
117,0.3941528917096245,0.6342926322495461,0.31362468384128683,0.5826816207328294,0.5651846787025635
118,0.3631014167331159,0.40486513673224384,0.06695085214968356,0.2701928466716911,0.1883106256628202
119,0.5447368863970041,0.6166884587974184,0.053148790726037176,0.9222240209372508,0.7969617210121618
120,0.3126214807232221,0.4904686337543858,0.2367458422978719,0.6255697455671099,0.6644771700104077
121,0.8052301930056678,0.8259853018654717,0.7888938882284694,0.7684693553381496,0.890464699268341
122,0.2189670104222993,0.22916897429774205,0.05683420495026641,0.5257112849917677,0.5044461554537217
123,0.011819868493411276,0.05917535414337181,0.01060862999357697,0.0571308793939857,0.1394476189562637
124,0.11522478957970937,0.5771600231424802,0.059062755573540925,0.3892820392217901,0.30677476666039893
125,0.22917736588666837,0.7517110054691633,0.030143656969691315,0.09632130705932569,0.1783036710293446
126,0.9261050621668497,0.9354713691605462,0.8985770146052042,0.9085659556918674,0.9117749055226644
127,0.07814899869909923,0.34418824404581555,0.026373064921547968,0.22371456987198649,0.09257379257275412
128,0.8647396233346727,0.8265346897972955,0.7300261418024699,0.8325350393851598,0.8982226378387875
129,0.26872899324128713,0.3249665046608748,0.08064431938821347,0.051825231606684,0.023730988713860927
130,0.055612804578979394,0.0961324659066223,0.013452649556307329,0.10767152816212426,0.11024734433222975
131,0.0374348948706433,0.16620986417078207,0.029006600641878322,0.22195527336314425,0.05127811098354869
132,0.12023907842230983,0.725048746823773,0.042953031440912226,0.20300118953778615,0.2089493743797195
133,0.2002175412658188,0.8320256151672867,0.09684834236072169,0.2974241428491142,0.45336392517719004
134,0.13512913304277593,0.26658161125249336,0.11996919631751048,0.7730258511172401,0.7475211150116391
135,0.048133594264315134,0.11025151161367022,0.07304071958998166,0.08796410565749586,0.05231592796270787
136,0.235260799423688,0.33099899681078065,0.1292489689671331,0.7154412782854505,0.7557043906715181
137,0.016887415368627343,0.06768078020670348,0.008530103961109287,0.17482621309657892,0.09930306334151989
138,0.28099292759110944,0.14905812010050187,0.056313704238588495,0.24456080497887644,0.27687887410478046
139,0.45566120527477727,0.7867543101427146,0.07311211061767406,0.3748418496507737,0.32171834664833215
140,0.025319703349830688,0.12577374080800735,0.009311902624419114,0.11494218396643797,0.16046234137482113
141,0.10925773511003677,0.2571010889857361,0.006609494415998698,0.08652543653143867,0.03806388240126479
142,0.11547417756583955,0.2105231538414955,0.08792277392413882,0.06631530340140064,0.09639836431791385
143,0.1744407358734558,0.39197001077441707,0.08445593818323686,0.7280554315023539,0.6435846919038644
144,0.20435834725697835,0.2343591632735398,0.05073178544795762,0.6626126604154706,0.6904749749642279
145,0.10372603765895796,0.21704664081141042,0.04425072023295797,0.13351073937697544,0.07739800560391612
146,0.026279593248748116,0.10653840513388989,0.00882805917640831,0.03117073578274964,0.03740305205994648
147,0.16129246921175056,0.24082498204790884,0.10990643536982438,0.8759614321920607,0.8463138381640116
148,0.011384829950596516,0.009964208580398311,0.008950595080386847,0.11396309497067705,0.12886992298299446
149,0.11208165345946731,0.22509429498517824,0.03520273458842793,0.5724663936087786,0.5802390907833089
150,0.0771264961781627,0.31811010601134815,0.03574209874398851,0.13142008649996972,0.13030018795624426
151,0.2869073113633527,0.5395641837010368,0.27616474429766336,0.5536074008585679,0.5104668295424846
152,0.06342367147509423,0.09068435603856212,0.06723956133032011,0.1832964697904471,0.23456210277250245
153,0.5878647475606865,0.6265225673715273,0.46874936454825933,0.8362494008408652,0.8843902359406154
154,0.060632108658966094,0.13343635000702408,0.011096666387230572,0.17971361797923843,0.2712233084460927
155,0.11160881918234129,0.40954529885202645,0.06914441676474073,0.5699718245356861,0.6616485277552986
156,0.0018117258817963173,0.014840769508898828,0.001681184664105078,0.08176058897063032,0.024162693961989133
157,0.7736675217488987,0.7518423636236953,0.6514828010669185,0.8876698310693933,0.8115052820183337
158,0.0392278524436228,0.07828965565497331,0.015398474654426132,0.3743539782987581,0.21892675109585172
159,0.3108002511991395,0.3920954832807183,0.22569519821554423,0.8746327938305007,0.69242372661829
160,0.017138977836718066,0.008329496775857276,0.025649655097448786,0.24077831686008722,0.06708881169195391
161,0.03140426897314481,0.060753520222432494,0.004995877291366924,0.04779962202042548,0.028303587762638926
162,0.05683310127998185,0.07851377466771131,0.1210361207718961,0.08093122793749595,0.0783418948102432
163,0.03614487522120018,0.27540939375402457,0.03930650901448745,0.24380020494055415,0.16004088406658007
164,0.14665997052409996,0.5223851457005366,0.15873778654883305,0.38980405709395805,0.5805326923107107
165,0.07731274578804409,0.5701747602627923,0.008250342687177989,0.020571154558759495,0.04957801656176646
166,0.05097713425639085,0.12923852359850166,0.018652188876553233,0.14185216658903907,0.16801864529649416
167,0.1088107476838761,0.15340324508854083,0.06808553966176178,0.4955530353718334,0.5332547283834881
168,0.18087869053318475,0.23819895269892488,0.07480803674423239,0.8543080105666174,0.8862125955845437
169,0.5165018275380134,0.8594886188705763,0.08321749758389262,0.5927000358700752,0.48302079670959047
170,0.018405627706670202,0.15679807587649622,0.003235532113386499,0.016522743554863457,0.014614887955960713
171,0.23136050873177333,0.3650376700951407,0.1800693487593283,0.4249356907637169,0.21761423207095099
172,0.489095918944804,0.6329806923103105,0.37557871246180086,0.3269596940294529,0.17204652722769728
173,0.5046392309996817,0.8327896176113023,0.08607161338958476,0.79457255701224,0.6875261911087566
174,0.021342936972602426,0.21382396895690667,0.004756477959421722,0.071014251850142,0.03382284014142998
175,0.10734383675218043,0.11952074946489624,0.03782440292209988,0.35200894446008735,0.360076362432705
176,0.38400277412599987,0.5069863913994697,0.3625972631490893,0.3587651238052381,0.4655109286308289
177,0.5426339187665791,0.6843524710029467,0.3028599753898258,0.5222046739680486,0.5323227347340435
178,0.35784703749231994,0.5476417024749227,0.03234735046668599,0.4079085301012836,0.21604860961540706
179,0.386594791793161,0.8394510762145122,0.09101373722983731,0.6415883961237139,0.6235904468443348
180,0.0054890949325959405,0.015480975741552862,0.0037747964131995106,0.09827328969388166,0.02482867332097764
181,0.08438834791175193,0.43386975551644963,0.013838347083785467,0.2702880859788921,0.32603042160885204
182,0.04220257333428082,0.06722175364201474,0.020764926890842618,0.3123797092567353,0.5394150787938593
183,0.0044855542338660195,0.004529998800717294,0.003013351712595775,0.05562924659914441,0.05100057394140296
184,0.015110243157121457,0.07050741873196481,0.0035542519378294756,0.028147997696295432,0.01739347278360381
185,0.32000205696612183,0.5384746111866359,0.02759032833653489,0.5486128698090195,0.505514835923936
186,0.06750326583989792,0.12307237843180903,0.012762341670329786,0.3404470484652039,0.28128371997736396
187,0.5185376193788317,0.39899806843863594,0.37580290424327056,0.9483765297465854,0.9607784099049038
188,0.015715761775047413,0.27645944520417187,0.0072710674298125215,0.4604170001603456,0.4204572781609992
189,0.06766798462291869,0.24039034812142038,0.04694515586727195,0.1786454054294154,0.15334711896979974
190,0.27745917265613873,0.6707351418832938,0.08859822245107757,0.4207730568117566,0.5364592517415683
191,0.7702865598930253,0.7266621485352516,0.5144230913784769,0.7417072185418672,0.788231164879269
192,0.04495157940675401,0.05233501145493291,0.030255513815791345,0.7588143130609145,0.27398462397417866
193,0.08938073663868838,0.35676327163560523,0.02740414347499609,0.7685023534008198,0.6305957308659951
194,0.04815936099961012,0.23118564466050076,0.009823630821887894,0.29704061530970244,0.20266076553121415
195,0.1217733694453879,0.11898006274390759,0.07897475289387836,0.6083159587876353,0.3116231972662111
196,0.5272539650141779,0.7149846938697414,0.19572330965246593,0.09812170930931138,0.1760054691435976
197,0.19697890607769497,0.37009744059566096,0.10283750571608026,0.2524099175714784,0.09798330029265748
198,0.02351674714850055,0.04765314470148749,0.01262781586135841,0.29992259812230865,0.29855269831087855
199,0.020849832607038682,0.3997026117806349,0.017091563201231313,0.3744569621139413,0.3984452494334417
200,0.05819381096767352,0.7420931281343252,0.007910240618609047,0.44025371275290837,0.21006239769170254
201,0.03817239276508594,0.2584062692026944,0.043199751826978175,0.11412327993344257,0.13519505001475207
202,0.033225205056886704,0.0774594864109531,0.023551202536974517,0.09848961475428142,0.06330761149551513
203,0.011991904083859278,0.14449643596340644,0.0021075703734014595,0.053615746118399935,0.020519748820354126
204,0.026303031020991813,0.12586821618606336,0.012504962436489424,0.07786303916428652,0.08330891603060687
205,0.9409476094775729,0.9476870059967041,0.9513455245229933,0.9362189120716519,0.9299631648593478
206,0.04785780637462772,0.14200535575380652,0.016132952054289895,0.6802786508573465,0.6220104413288128
207,0.25302535143887833,0.10481956739935817,0.2461612866091956,0.5592598353191635,0.6636455554941979
208,0.8065996507803599,0.8875066101551056,0.6361896951993307,0.877609607246187,0.8821162164211274
209,0.26883904879602294,0.7377630974424796,0.06238716727433105,0.46519127988463477,0.5651920620300289
210,0.02628911074166859,0.190109278837594,0.039922296857952864,0.012518661258056656,0.019529128979775122
